
0
6, 6589303, 1
8, 840500, 20
7, 1096448, 10
17, 84193, 5
9, 180575, 15
35, 11341, 8
16, 98116, 3
15, 3486, 12
1, 774, 18
5, 752, 2
53, 2298, 16
14, 171, 4
34, 316, 6
19, 232, 7
11, 1044, 9
3, 52, 11
30, 10, 13
33, 7, 14
12, 2, 17
52, 4, 19

1
1, 1433096, 1
2, 4526786, 20
3, 2781237, 10
0, 9325, 15
4, 159137, 5
6, 42, 7
5, 1, 12

2
0, 8888504, 1
1, 11216, 20
-1, 9865, 10
3, 27, 5
2, 12, 15

3
4, 2875866, 1
3, 5978486, 20
1, 2114, 10
2, 53108, 5
7, 42, 15
6, 8, 18

4
0, 4503241, 1
1, 4406383, 20

5
0, 3033522, 1
1, 5876102, 20

6
3, 459728, 1
0, 4001722, 20
1, 3053533, 10
2, 1394588, 15
4, 53, 5
